$ENTER COMPONENT  NAME = DFLT_COMP  DOFTYPE = DISP TEMP MATH
!------
   $SITUATION  NAME = STEP_1
      DFLT_COMP  CONSTRAINTS = C_STEP_1  SYSTEM = S_STEP_1  LOADING = L_STEP_1
   $END SITUATION
!
   $STRUCTURE
!
      $ELEMENT TYPE = QUAD4
                1          1          7         50         32
                2         32         50         51         31
                3         31         51         52         30
                4         30         52         53         29
                5         29         53         28          6
                6          7          8         54         50
                7         50         54         55         51
                8         51         55         56         52
                9         52         56         57         53
               10         53         57         27         28
               11          8          9         58         54
               12         54         58         59         55
               13         55         59         60         56
               14         56         60         61         57
               15         57         61         26         27
               16          9         10         62         58
               17         58         62         63         59
               18         59         63         64         60
               19         60         64         65         61
               20         61         65         25         26
               21         10         11         66         62
               22         62         66         67         63
               23         63         67         68         64
               24         64         68         69         65
               25         65         69         24         25
               26         11         12         70         66
               27         66         70         71         67
               28         67         71         72         68
               29         68         72         73         69
               30         69         73         23         24
               31         12         13         74         70
               32         70         74         75         71
               33         71         75         76         72
               34         72         76         77         73
               35         73         77         22         23
               36         13         14         78         74
               37         74         78         79         75
               38         75         79         80         76
               39         76         80         81         77
               40         77         81         21         22
               41         14         15         82         78
               42         78         82         83         79
               43         79         83         84         80
               44         80         84         85         81
               45         81         85         20         21
               46         15          2         16         82
               47         82         16         17         83
               48         83         17         18         84
               49         84         18         19         85
               50         85         19          3         20
               51          6         28         86         49
               52         49         86         87         48
               53         48         87         88         47
               54         47         88         89         46
               55         46         89         45          5
               56         28         27         90         86
               57         86         90         91         87
               58         87         91         92         88
               59         88         92         93         89
               60         89         93         44         45
               61         27         26         94         90
               62         90         94         95         91
               63         91         95         96         92
               64         92         96         97         93
               65         93         97         43         44
               66         26         25         98         94
               67         94         98         99         95
               68         95         99        100         96
               69         96        100        101         97
               70         97        101         42         43
               71         25         24        102         98
               72         98        102        103         99
               73         99        103        104        100
               74        100        104        105        101
               75        101        105         41         42
               76         24         23        106        102
               77        102        106        107        103
               78        103        107        108        104
               79        104        108        109        105
               80        105        109         40         41
               81         23         22        110        106
               82        106        110        111        107
               83        107        111        112        108
               84        108        112        113        109
               85        109        113         39         40
               86         22         21        114        110
               87        110        114        115        111
               88        111        115        116        112
               89        112        116        117        113
               90        113        117         38         39
               91         21         20        118        114
               92        114        118        119        115
               93        115        119        120        116
               94        116        120        121        117
               95        117        121         37         38
               96         20          3         33        118
               97        118         33         34        119
               98        119         34         35        120
               99        120         35         36        121
              100        121         36          4         37
!
      $LINE GEO  LNID = CLAMPED
       SFLA2          1         32
       SFLA2         46          5
       SFLA2         29          6
       SFLA2          6         49
       SFLA2         30         29
       SFLA2         31         30
       SFLA2         32         31
       SFLA2         47         46
       SFLA2         48         47
       SFLA2         49         48
!
      $NSET NAME = F
                3
      $ESET NAME = PLATE
                1          2          3          4          5          6          7          8          9         10         11         12         13         14
               15         16         17         18         19         20         21         22         23         24         25         26         27         28
               29         30         31         32         33         34         35         36         37         38         39         40         41         42
               43         44         45         46         47         48         49         50         51         52         53         54         55         56
               57         58         59         60         61         62         63         64         65         66         67         68         69         70
               71         72         73         74         75         76         77         78         79         80         81         82         83         84
               85         86         87         88         89         90         91         92         93         94         95         96         97         98
               99        100
      $ESET NAME = SURFACE1
                1          2          3          4          5          6          7          8          9         10         11         12         13         14
               15         16         17         18         19         20         21         22         23         24         25         26         27         28
               29         30         31         32         33         34         35         36         37         38         39         40         41         42
               43         44         45         46         47         48         49         50
      $ESET NAME = SURFACE2
               51         52         53         54         55         56         57         58         59         60         61         62         63         64
               65         66         67         68         69         70         71         72         73         74         75         76         77         78
               79         80         81         82         83         84         85         86         87         88         89         90         91         92
               93         94         95         96         97         98         99        100
!
      $COOR
                1  0.000000E+00  0.000000E+00  0.000000E+00
                2  1.000000E+00  0.000000E+00  0.000000E+00
                3  1.000000E+00  5.000000E-01  0.000000E+00
                4  1.000000E+00  1.000000E+00  0.000000E+00
                5  0.000000E+00  1.000000E+00  0.000000E+00
                6  0.000000E+00  5.000000E-01  0.000000E+00
                7  1.000000E-01  0.000000E+00  0.000000E+00
                8  2.000000E-01  0.000000E+00  0.000000E+00
                9  3.000000E-01  0.000000E+00  0.000000E+00
               10  4.000000E-01  0.000000E+00  0.000000E+00
               11  5.000000E-01  0.000000E+00  0.000000E+00
               12  6.000000E-01  0.000000E+00  0.000000E+00
               13  7.000000E-01  0.000000E+00  0.000000E+00
               14  8.000000E-01  0.000000E+00  0.000000E+00
               15  9.000000E-01  0.000000E+00  0.000000E+00
               16  1.000000E+00  1.000000E-01  0.000000E+00
               17  1.000000E+00  2.000000E-01  0.000000E+00
               18  1.000000E+00  3.000000E-01  0.000000E+00
               19  1.000000E+00  4.000000E-01  0.000000E+00
               20  9.000000E-01  5.000000E-01  0.000000E+00
               21  8.000000E-01  5.000000E-01  0.000000E+00
               22  7.000000E-01  5.000000E-01  0.000000E+00
               23  6.000000E-01  5.000000E-01  0.000000E+00
               24  5.000000E-01  5.000000E-01  0.000000E+00
               25  4.000000E-01  5.000000E-01  0.000000E+00
               26  3.000000E-01  5.000000E-01  0.000000E+00
               27  2.000000E-01  5.000000E-01  0.000000E+00
               28  1.000000E-01  5.000000E-01  0.000000E+00
               29  0.000000E+00  4.000000E-01  0.000000E+00
               30  0.000000E+00  3.000000E-01  0.000000E+00
               31  0.000000E+00  2.000000E-01  0.000000E+00
               32  0.000000E+00  1.000000E-01  0.000000E+00
               33  1.000000E+00  6.000000E-01  0.000000E+00
               34  1.000000E+00  7.000000E-01  0.000000E+00
               35  1.000000E+00  8.000000E-01  0.000000E+00
               36  1.000000E+00  9.000000E-01  0.000000E+00
               37  9.000000E-01  1.000000E+00  0.000000E+00
               38  8.000000E-01  1.000000E+00  0.000000E+00
               39  7.000000E-01  1.000000E+00  0.000000E+00
               40  6.000000E-01  1.000000E+00  0.000000E+00
               41  5.000000E-01  1.000000E+00  0.000000E+00
               42  4.000000E-01  1.000000E+00  0.000000E+00
               43  3.000000E-01  1.000000E+00  0.000000E+00
               44  2.000000E-01  1.000000E+00  0.000000E+00
               45  1.000000E-01  1.000000E+00  0.000000E+00
               46  0.000000E+00  9.000000E-01  0.000000E+00
               47  0.000000E+00  8.000000E-01  0.000000E+00
               48  0.000000E+00  7.000000E-01  0.000000E+00
               49  0.000000E+00  6.000000E-01  0.000000E+00
               50  1.000000E-01  1.000000E-01  0.000000E+00
               51  1.000000E-01  2.000000E-01  0.000000E+00
               52  1.000000E-01  3.000000E-01  0.000000E+00
               53  1.000000E-01  4.000000E-01  0.000000E+00
               54  2.000000E-01  1.000000E-01  0.000000E+00
               55  2.000000E-01  2.000000E-01  0.000000E+00
               56  2.000000E-01  3.000000E-01  0.000000E+00
               57  2.000000E-01  4.000000E-01  0.000000E+00
               58  3.000000E-01  1.000000E-01  0.000000E+00
               59  3.000000E-01  2.000000E-01  0.000000E+00
               60  3.000000E-01  3.000000E-01  0.000000E+00
               61  3.000000E-01  4.000000E-01  0.000000E+00
               62  4.000000E-01  1.000000E-01  0.000000E+00
               63  4.000000E-01  2.000000E-01  0.000000E+00
               64  4.000000E-01  3.000000E-01  0.000000E+00
               65  4.000000E-01  4.000000E-01  0.000000E+00
               66  5.000000E-01  1.000000E-01  0.000000E+00
               67  5.000000E-01  2.000000E-01  0.000000E+00
               68  5.000000E-01  3.000000E-01  0.000000E+00
               69  5.000000E-01  4.000000E-01  0.000000E+00
               70  6.000000E-01  1.000000E-01  0.000000E+00
               71  6.000000E-01  2.000000E-01  0.000000E+00
               72  6.000000E-01  3.000000E-01  0.000000E+00
               73  6.000000E-01  4.000000E-01  0.000000E+00
               74  7.000000E-01  1.000000E-01  0.000000E+00
               75  7.000000E-01  2.000000E-01  0.000000E+00
               76  7.000000E-01  3.000000E-01  0.000000E+00
               77  7.000000E-01  4.000000E-01  0.000000E+00
               78  8.000000E-01  1.000000E-01  0.000000E+00
               79  8.000000E-01  2.000000E-01  0.000000E+00
               80  8.000000E-01  3.000000E-01  0.000000E+00
               81  8.000000E-01  4.000000E-01  0.000000E+00
               82  9.000000E-01  1.000000E-01  0.000000E+00
               83  9.000000E-01  2.000000E-01  0.000000E+00
               84  9.000000E-01  3.000000E-01  0.000000E+00
               85  9.000000E-01  4.000000E-01  0.000000E+00
               86  1.000000E-01  6.000000E-01  0.000000E+00
               87  1.000000E-01  7.000000E-01  0.000000E+00
               88  1.000000E-01  8.000000E-01  0.000000E+00
               89  1.000000E-01  9.000000E-01  0.000000E+00
               90  2.000000E-01  6.000000E-01  0.000000E+00
               91  2.000000E-01  7.000000E-01  0.000000E+00
               92  2.000000E-01  8.000000E-01  0.000000E+00
               93  2.000000E-01  9.000000E-01  0.000000E+00
               94  3.000000E-01  6.000000E-01  0.000000E+00
               95  3.000000E-01  7.000000E-01  0.000000E+00
               96  3.000000E-01  8.000000E-01  0.000000E+00
               97  3.000000E-01  9.000000E-01  0.000000E+00
               98  4.000000E-01  6.000000E-01  0.000000E+00
               99  4.000000E-01  7.000000E-01  0.000000E+00
              100  4.000000E-01  8.000000E-01  0.000000E+00
              101  4.000000E-01  9.000000E-01  0.000000E+00
              102  5.000000E-01  6.000000E-01  0.000000E+00
              103  5.000000E-01  7.000000E-01  0.000000E+00
              104  5.000000E-01  8.000000E-01  0.000000E+00
              105  5.000000E-01  9.000000E-01  0.000000E+00
              106  6.000000E-01  6.000000E-01  0.000000E+00
              107  6.000000E-01  7.000000E-01  0.000000E+00
              108  6.000000E-01  8.000000E-01  0.000000E+00
              109  6.000000E-01  9.000000E-01  0.000000E+00
              110  7.000000E-01  6.000000E-01  0.000000E+00
              111  7.000000E-01  7.000000E-01  0.000000E+00
              112  7.000000E-01  8.000000E-01  0.000000E+00
              113  7.000000E-01  9.000000E-01  0.000000E+00
              114  8.000000E-01  6.000000E-01  0.000000E+00
              115  8.000000E-01  7.000000E-01  0.000000E+00
              116  8.000000E-01  8.000000E-01  0.000000E+00
              117  8.000000E-01  9.000000E-01  0.000000E+00
              118  9.000000E-01  6.000000E-01  0.000000E+00
              119  9.000000E-01  7.000000E-01  0.000000E+00
              120  9.000000E-01  8.000000E-01  0.000000E+00
              121  9.000000E-01  9.000000E-01  0.000000E+00
!
      $PART  NAME = PLATE
       PLATE
!
   $END STRUCTURE
!------
   $SYSTEM  NAME = S_STEP_1
!
      $GEODAT SHELL     CONT = THICK      NODES = ALL
       GD_PLATE      3.716000E-03
!
      $ELPROP
       PLATE         GEODAT = GD_PLATE      MATERIAL = ALUMINUM
!
   $END SYSTEM
!------
   $CONSTRAINTS  NAME = C_STEP_1
!
      $SUPPRESS  LINENODE  DOFS = 1,2,3,4,5,6  DOFTYPE = DISP
       CLAMPED
!
   $END CONSTRAINTS
!------
   $LOADING  NAME = L_STEP_1
!
      $CONLOAD  LPAT = 1  DOFTYPE = DISP
       F            3: -1.000000E+00
!
   $END LOADING
!------
$EXIT COMPONENT
!------------------------------------
$ENTER MATERIAL
!------
   $MATERIAL  NAME = ALUMINUM  TYPE = ISO
!
      $ELASTIC  GENERAL  INPUT = DATA
        7.000000E+10  3.000000E-01
!
      $DENSITY  GENERAL  INPUT = DATA
        2.700000E+03
!
   $END MATERIAL
!------
$EXIT MATERIAL
!------------------------------------
$FIN
