$ENTER COMPONENT  NAME = DFLT_COMP  DOFTYPE = DISP MATH
!------
   $STRUCTURE
!
      $NSET NAME = RESPONSE
         90
!
      $LINE GEO  LNID = LOAD
       SFLA2          1          3
       SFLA2        101          2
       SFLA2          3          4
       SFLA2          4          5
       SFLA2          5          6
       SFLA2          6          7
       SFLA2          7          8
       SFLA2          8          9
       SFLA2          9         10
       SFLA2         10         11
       SFLA2         11         12
       SFLA2         12         13
       SFLA2         13         14
       SFLA2         14         15
       SFLA2         15         16
       SFLA2         16         17
       SFLA2         17         18
       SFLA2         18         19
       SFLA2         19         20
       SFLA2         20         21
       SFLA2         21         22
       SFLA2         22         23
       SFLA2         23         24
       SFLA2         24         25
       SFLA2         25         26
       SFLA2         26         27
       SFLA2         27         28
       SFLA2         28         29
       SFLA2         29         30
       SFLA2         30         31
       SFLA2         31         32
       SFLA2         32         33
       SFLA2         33         34
       SFLA2         34         35
       SFLA2         35         36
       SFLA2         36         37
       SFLA2         37         38
       SFLA2         38         39
       SFLA2         39         40
       SFLA2         40         41
       SFLA2         41         42
       SFLA2         42         43
       SFLA2         43         44
       SFLA2         44         45
       SFLA2         45         46
       SFLA2         46         47
       SFLA2         47         48
       SFLA2         48         49
       SFLA2         49         50
       SFLA2         50         51
       SFLA2         51         52
       SFLA2         52         53
       SFLA2         53         54
       SFLA2         54         55
       SFLA2         55         56
       SFLA2         56         57
       SFLA2         57         58
       SFLA2         58         59
       SFLA2         59         60
       SFLA2         60         61
       SFLA2         61         62
       SFLA2         62         63
       SFLA2         63         64
       SFLA2         64         65
       SFLA2         65         66
       SFLA2         66         67
       SFLA2         67         68
       SFLA2         68         69
       SFLA2         69         70
       SFLA2         70         71
       SFLA2         71         72
       SFLA2         72         73
       SFLA2         73         74
       SFLA2         74         75
       SFLA2         75         76
       SFLA2         76         77
       SFLA2         77         78
       SFLA2         78         79
       SFLA2         79         80
       SFLA2         80         81
       SFLA2         81         82
       SFLA2         82         83
       SFLA2         83         84
       SFLA2         84         85
       SFLA2         85         86
       SFLA2         86         87
       SFLA2         87         88
       SFLA2         88         89
       SFLA2         89         90
       SFLA2         90         91
       SFLA2         91         92
       SFLA2         92         93
       SFLA2         93         94
       SFLA2         94         95
       SFLA2         95         96
       SFLA2         96         97
       SFLA2         97         98
       SFLA2         98         99
       SFLA2         99        100
       SFLA2        100        101
!
   $END STRUCTURE
!------
   $LOADING  NAME = L_STEP_2
!
      $DISLOAD LINE3D  LPAT = 1  NODES = ALL  DOFTYPE = DISP
                1  0.000000E+00  0.000000E+00  1.000000E+00
              100  0.000000E+00  0.000000E+00  1.000000E+00
                2  0.000000E+00  0.000000E+00  1.000000E+00
                3  0.000000E+00  0.000000E+00  1.000000E+00
                4  0.000000E+00  0.000000E+00  1.000000E+00
                5  0.000000E+00  0.000000E+00  1.000000E+00
                6  0.000000E+00  0.000000E+00  1.000000E+00
                7  0.000000E+00  0.000000E+00  1.000000E+00
                8  0.000000E+00  0.000000E+00  1.000000E+00
                9  0.000000E+00  0.000000E+00  1.000000E+00
               10  0.000000E+00  0.000000E+00  1.000000E+00
               11  0.000000E+00  0.000000E+00  1.000000E+00
               12  0.000000E+00  0.000000E+00  1.000000E+00
               13  0.000000E+00  0.000000E+00  1.000000E+00
               14  0.000000E+00  0.000000E+00  1.000000E+00
               15  0.000000E+00  0.000000E+00  1.000000E+00
               16  0.000000E+00  0.000000E+00  1.000000E+00
               17  0.000000E+00  0.000000E+00  1.000000E+00
               18  0.000000E+00  0.000000E+00  1.000000E+00
               19  0.000000E+00  0.000000E+00  1.000000E+00
               20  0.000000E+00  0.000000E+00  1.000000E+00
               21  0.000000E+00  0.000000E+00  1.000000E+00
               22  0.000000E+00  0.000000E+00  1.000000E+00
               23  0.000000E+00  0.000000E+00  1.000000E+00
               24  0.000000E+00  0.000000E+00  1.000000E+00
               25  0.000000E+00  0.000000E+00  1.000000E+00
               26  0.000000E+00  0.000000E+00  1.000000E+00
               27  0.000000E+00  0.000000E+00  1.000000E+00
               28  0.000000E+00  0.000000E+00  1.000000E+00
               29  0.000000E+00  0.000000E+00  1.000000E+00
               30  0.000000E+00  0.000000E+00  1.000000E+00
               31  0.000000E+00  0.000000E+00  1.000000E+00
               32  0.000000E+00  0.000000E+00  1.000000E+00
               33  0.000000E+00  0.000000E+00  1.000000E+00
               34  0.000000E+00  0.000000E+00  1.000000E+00
               35  0.000000E+00  0.000000E+00  1.000000E+00
               36  0.000000E+00  0.000000E+00  1.000000E+00
               37  0.000000E+00  0.000000E+00  1.000000E+00
               38  0.000000E+00  0.000000E+00  1.000000E+00
               39  0.000000E+00  0.000000E+00  1.000000E+00
               40  0.000000E+00  0.000000E+00  1.000000E+00
               41  0.000000E+00  0.000000E+00  1.000000E+00
               42  0.000000E+00  0.000000E+00  1.000000E+00
               43  0.000000E+00  0.000000E+00  1.000000E+00
               44  0.000000E+00  0.000000E+00  1.000000E+00
               45  0.000000E+00  0.000000E+00  1.000000E+00
               46  0.000000E+00  0.000000E+00  1.000000E+00
               47  0.000000E+00  0.000000E+00  1.000000E+00
               48  0.000000E+00  0.000000E+00  1.000000E+00
               49  0.000000E+00  0.000000E+00  1.000000E+00
               50  0.000000E+00  0.000000E+00  1.000000E+00
               51  0.000000E+00  0.000000E+00  1.000000E+00
               52  0.000000E+00  0.000000E+00  1.000000E+00
               53  0.000000E+00  0.000000E+00  1.000000E+00
               54  0.000000E+00  0.000000E+00  1.000000E+00
               55  0.000000E+00  0.000000E+00  1.000000E+00
               56  0.000000E+00  0.000000E+00  1.000000E+00
               57  0.000000E+00  0.000000E+00  1.000000E+00
               58  0.000000E+00  0.000000E+00  1.000000E+00
               59  0.000000E+00  0.000000E+00  1.000000E+00
               60  0.000000E+00  0.000000E+00  1.000000E+00
               61  0.000000E+00  0.000000E+00  1.000000E+00
               62  0.000000E+00  0.000000E+00  1.000000E+00
               63  0.000000E+00  0.000000E+00  1.000000E+00
               64  0.000000E+00  0.000000E+00  1.000000E+00
               65  0.000000E+00  0.000000E+00  1.000000E+00
               66  0.000000E+00  0.000000E+00  1.000000E+00
               67  0.000000E+00  0.000000E+00  1.000000E+00
               68  0.000000E+00  0.000000E+00  1.000000E+00
               69  0.000000E+00  0.000000E+00  1.000000E+00
               70  0.000000E+00  0.000000E+00  1.000000E+00
               71  0.000000E+00  0.000000E+00  1.000000E+00
               72  0.000000E+00  0.000000E+00  1.000000E+00
               73  0.000000E+00  0.000000E+00  1.000000E+00
               74  0.000000E+00  0.000000E+00  1.000000E+00
               75  0.000000E+00  0.000000E+00  1.000000E+00
               76  0.000000E+00  0.000000E+00  1.000000E+00
               77  0.000000E+00  0.000000E+00  1.000000E+00
               78  0.000000E+00  0.000000E+00  1.000000E+00
               79  0.000000E+00  0.000000E+00  1.000000E+00
               80  0.000000E+00  0.000000E+00  1.000000E+00
               81  0.000000E+00  0.000000E+00  1.000000E+00
               82  0.000000E+00  0.000000E+00  1.000000E+00
               83  0.000000E+00  0.000000E+00  1.000000E+00
               84  0.000000E+00  0.000000E+00  1.000000E+00
               85  0.000000E+00  0.000000E+00  1.000000E+00
               86  0.000000E+00  0.000000E+00  1.000000E+00
               87  0.000000E+00  0.000000E+00  1.000000E+00
               88  0.000000E+00  0.000000E+00  1.000000E+00
               89  0.000000E+00  0.000000E+00  1.000000E+00
               90  0.000000E+00  0.000000E+00  1.000000E+00
               91  0.000000E+00  0.000000E+00  1.000000E+00
               92  0.000000E+00  0.000000E+00  1.000000E+00
               93  0.000000E+00  0.000000E+00  1.000000E+00
               94  0.000000E+00  0.000000E+00  1.000000E+00
               95  0.000000E+00  0.000000E+00  1.000000E+00
               96  0.000000E+00  0.000000E+00  1.000000E+00
               97  0.000000E+00  0.000000E+00  1.000000E+00
               98  0.000000E+00  0.000000E+00  1.000000E+00
               99  0.000000E+00  0.000000E+00  1.000000E+00
!
      $TRANSLOAD  DOFTYPE = DISP
      LPAT = 1  FUNCTION =          1
!
   $END LOADING
!------
$EXIT COMPONENT
!------------------------------------
$ENTER FUNCTION
!------
   $FUNCTION FORMULA  FID =          1
   F(T)=SIN(6.28*T)
!------
$EXIT FUNCTION
!------------------------------------
$FIN
