$ENTER COMPONENT  NAME = DFLT_COMP  DOFTYPE = DISP MATH
!------
   $SITUATION  NAME = STEP_1
      DFLT_COMP  CONSTRAINTS = C_STEP_1  SYSTEM = S_STEP_1
   $END SITUATION
!
   $SITUATION  NAME = STEP_2  PARENT = STEP_1
      DFLT_COMP  SYSTEM = S_STEP_1  LOADING = L_STEP_2
   $END SITUATION
!
   $STRUCTURE
!
      $ELEMENT TYPE = FLA2
                1          1          3
                2          3          4
                3          4          5
                4          5          6
                5          6          7
                6          7          8
                7          8          9
                8          9         10
                9         10         11
               10         11         12
               11         12         13
               12         13         14
               13         14         15
               14         15         16
               15         16         17
               16         17         18
               17         18         19
               18         19         20
               19         20         21
               20         21         22
               21         22         23
               22         23         24
               23         24         25
               24         25         26
               25         26         27
               26         27         28
               27         28         29
               28         29         30
               29         30         31
               30         31         32
               31         32         33
               32         33         34
               33         34         35
               34         35         36
               35         36         37
               36         37         38
               37         38         39
               38         39         40
               39         40         41
               40         41         42
               41         42         43
               42         43         44
               43         44         45
               44         45         46
               45         46         47
               46         47         48
               47         48         49
               48         49         50
               49         50         51
               50         51          2
!
      $NSET NAME = CLAMPED
                1
      $NSET NAME = F
                2
      $NSET NAME = FREE
                2          3          4          5          6          7          8          9         10         11         12         13         14         15
               16         17         18         19         20         21         22         23         24         25         26         27         28         29
               30         31         32         33         34         35         36         37         38         39         40         41         42         43
               44         45         46         47         48         49         50         51
      $ESET NAME = LINE1
                1          2          3          4          5          6          7          8          9         10         11         12         13         14
               15         16         17         18         19         20         21         22         23         24         25         26         27         28
               29         30         31         32         33         34         35         36         37         38         39         40         41         42
               43         44         45         46         47         48         49         50
      $ESET NAME = ROD
                1          2          3          4          5          6          7          8          9         10         11         12         13         14
               15         16         17         18         19         20         21         22         23         24         25         26         27         28
               29         30         31         32         33         34         35         36         37         38         39         40         41         42
               43         44         45         46         47         48         49         50
!
      $COOR
                1  0.000000E+00  0.000000E+00  0.000000E+00
                2  1.000000E+00  0.000000E+00  0.000000E+00
                3  2.000000E-02  0.000000E+00  0.000000E+00
                4  4.000000E-02  0.000000E+00  0.000000E+00
                5  6.000000E-02  0.000000E+00  0.000000E+00
                6  8.000000E-02  0.000000E+00  0.000000E+00
                7  1.000000E-01  0.000000E+00  0.000000E+00
                8  1.200000E-01  0.000000E+00  0.000000E+00
                9  1.400000E-01  0.000000E+00  0.000000E+00
               10  1.600000E-01  0.000000E+00  0.000000E+00
               11  1.800000E-01  0.000000E+00  0.000000E+00
               12  2.000000E-01  0.000000E+00  0.000000E+00
               13  2.200000E-01  0.000000E+00  0.000000E+00
               14  2.400000E-01  0.000000E+00  0.000000E+00
               15  2.600000E-01  0.000000E+00  0.000000E+00
               16  2.800000E-01  0.000000E+00  0.000000E+00
               17  3.000000E-01  0.000000E+00  0.000000E+00
               18  3.200000E-01  0.000000E+00  0.000000E+00
               19  3.400000E-01  0.000000E+00  0.000000E+00
               20  3.600000E-01  0.000000E+00  0.000000E+00
               21  3.800000E-01  0.000000E+00  0.000000E+00
               22  4.000000E-01  0.000000E+00  0.000000E+00
               23  4.200000E-01  0.000000E+00  0.000000E+00
               24  4.400000E-01  0.000000E+00  0.000000E+00
               25  4.600000E-01  0.000000E+00  0.000000E+00
               26  4.800000E-01  0.000000E+00  0.000000E+00
               27  5.000000E-01  0.000000E+00  0.000000E+00
               28  5.200000E-01  0.000000E+00  0.000000E+00
               29  5.400000E-01  0.000000E+00  0.000000E+00
               30  5.600000E-01  0.000000E+00  0.000000E+00
               31  5.800000E-01  0.000000E+00  0.000000E+00
               32  6.000000E-01  0.000000E+00  0.000000E+00
               33  6.200000E-01  0.000000E+00  0.000000E+00
               34  6.400000E-01  0.000000E+00  0.000000E+00
               35  6.600000E-01  0.000000E+00  0.000000E+00
               36  6.800000E-01  0.000000E+00  0.000000E+00
               37  7.000000E-01  0.000000E+00  0.000000E+00
               38  7.200000E-01  0.000000E+00  0.000000E+00
               39  7.400000E-01  0.000000E+00  0.000000E+00
               40  7.600000E-01  0.000000E+00  0.000000E+00
               41  7.800000E-01  0.000000E+00  0.000000E+00
               42  8.000000E-01  0.000000E+00  0.000000E+00
               43  8.200000E-01  0.000000E+00  0.000000E+00
               44  8.400000E-01  0.000000E+00  0.000000E+00
               45  8.600000E-01  0.000000E+00  0.000000E+00
               46  8.800000E-01  0.000000E+00  0.000000E+00
               47  9.000000E-01  0.000000E+00  0.000000E+00
               48  9.200000E-01  0.000000E+00  0.000000E+00
               49  9.400000E-01  0.000000E+00  0.000000E+00
               50  9.600000E-01  0.000000E+00  0.000000E+00
               51  9.800000E-01  0.000000E+00  0.000000E+00
!
      $PART  NAME = LINE1
       LINE1
!
   $END STRUCTURE
!------
   $SYSTEM  NAME = S_STEP_1
!
      $GEODAT FLANGE    CONT = SECTION    NODES = ALL
       GD_ROD        1.000000E-04
!
      $ELPROP
       ROD           GEODAT = GD_ROD        MATERIAL = MAT_ROD
!
   $END SYSTEM
!------
   $CONSTRAINTS  NAME = C_STEP_1
!
      $SUPPRESS  DOFS = 1,2,3  DOFTYPE = DISP
       CLAMPED
      $SUPPRESS  DOFS = 2,3  DOFTYPE = DISP
       FREE
!
   $END CONSTRAINTS
!------
   $LOADING  NAME = L_STEP_2
!
      $CONLOAD  LPAT = 1  DOFTYPE = DISP
       F              1.000000E+00
!
      $TRANSLOAD  DOFTYPE = DISP
      LPAT = 1  FUNCTION =          1
!
   $END LOADING
!------
$EXIT COMPONENT
!------------------------------------
$ENTER FUNCTION
!------
   $FUNCTION FORMULA  FID =          1
   F(T)=SIN(52.5*T)
!------
$EXIT FUNCTION
!------------------------------------
$ENTER MATERIAL
!------
   $MATERIAL  NAME = MAT_ROD  TYPE = ISO
!
      $ELASTIC  GENERAL  INPUT = DATA
        1.000000E+07  0.000000E+00
!
      $DENSITY  GENERAL  INPUT = DATA
        9.000000E+03
!
   $END MATERIAL
!------
$EXIT MATERIAL
!------------------------------------
$FIN
