$ENTER COMPONENT  NAME = DFLT_COMP  DOFTYPE = DISP MATH
!------
   $SITUATION  NAME = STEP_1
      DFLT_COMP  CONSTRAINTS = C_STEP_1  SYSTEM = S_STEP_1  LOADING = L_STEP_1
   $END SITUATION
!
   $SITUATION  NAME = STEP_2
      DFLT_COMP  CONSTRAINTS = C_STEP_1  SYSTEM = S_STEP_2
   $END SITUATION
!
   $SITUATION  NAME = STEP_3  PARENT = STEP_2
      DFLT_COMP  SYSTEM = S_STEP_2  RESULTS = R_STEP_3
   $END SITUATION
!
!
   $STRUCTURE
!
      $ELEMENT TYPE = BECOS
                1          1          4
                2          4          5
                3          5          6
                4          6          7
                5          7          8
                6          8          9
                7          9         10
                8         10         11
                9         11         12
               10         12         13
               11         13         14
               12         14         15
               13         15         16
               14         16         17
               15         17         18
               16         18         19
               17         19         20
               18         20         21
               19         21         22
               20         22         23
               21         23         24
               22         24         25
               23         25         26
               24         26         27
               25         27         28
               26         28         29
               27         29         30
               28         30         31
               29         31         32
               30         32         33
               31         33         34
               32         34         35
               33         35         36
               34         36         37
               35         37         38
               36         38         39
               37         39         40
               38         40         41
               39         41         42
               40         42         43
               41         43         44
               42         44         45
               43         45         46
               44         46         47
               45         47         48
               46         48         49
               47         49         50
               48         50         51
               49         51         52
               50         52         53
               51         53         54
               52         54         55
               53         55         56
               54         56         57
               55         57         58
               56         58         59
               57         59         60
               58         60         61
               59         61         62
               60         62         63
               61         63         64
               62         64         65
               63         65         66
               64         66         67
               65         67         68
               66         68         69
               67         69         70
               68         70         71
               69         71         72
               70         72         73
               71         73         74
               72         74         75
               73         75         76
               74         76         77
               75         77         78
               76         78         79
               77         79         80
               78         80         81
               79         81         82
               80         82         83
               81         83          2
               82          2         84
               83         84         85
               84         85         86
               85         86         87
               86         87         88
               87         88         89
               88         89         90
               89         90         91
               90         91         92
               91         92         93
               92         93         94
               93         94         95
               94         95         96
               95         96         97
               96         97         98
               97         98         99
               98         99        100
               99        100        101
              100        101        102
              101        102        103
              102        103        104
              103        104        105
              104        105        106
              105        106        107
              106        107        108
              107        108        109
              108        109        110
              109        110        111
              110        111        112
              111        112        113
              112        113        114
              113        114        115
              114        115        116
              115        116        117
              116        117        118
              117        118        119
              118        119        120
              119        120        121
              120        121        122
              121        122        123
              122        123        124
              123        124        125
              124        125        126
              125        126        127
              126        127        128
              127        128        129
              128        129        130
              129        130        131
              130        131        132
              131        132        133
              132        133        134
              133        134        135
              134        135        136
              135        136        137
              136        137        138
              137        138        139
              138        139        140
              139        140        141
              140        141        142
              141        142        143
              142        143        144
              143        144        145
              144        145        146
              145        146        147
              146        147        148
              147        148        149
              148        149        150
              149        150        151
              150        151        152
              151        152        153
              152        153        154
              153        154        155
              154        155        156
              155        156        157
              156        157        158
              157        158        159
              158        159        160
              159        160        161
              160        161        162
              161        162        163
              162        163        164
              163        164        165
              164        165        166
              165        166        167
              166        167        168
              167        168        169
              168        169        170
              169        170        171
              170        171        172
              171        172        173
              172        173        174
              173        174        175
              174        175        176
              175        176        177
              176        177        178
              177        178        179
              178        179        180
              179        180        181
              180        181        182
              181        182          3
      $ELEMENT TYPE = MASS6
              182          2
      $ELEMENT TYPE = SPRING6
              183          1        183
              184          3        184
      $ELEMENT TYPE = DAMP6
              185          1        183
              186          3        184
!
      $RSYS CART  FORM = ZX
                1  0.000000E+00  0.000000E+00  0.000000E+00 :  1.000000E+02  0.000000E+00  0.000000E+00 :  0.000000E+00  0.000000E+00 -1.000000E+02
!
      $NSET NAME = SHAFT RULE = ESET
         SHAFT
!
      $ELSYS RSYS
       SHAFT         RSYS =          1  AXES =  1,  2
!
      $NSET NAME = GROUND
              183        184
      $ESET NAME = DISK
              182
      $ESET NAME = K1
              183
      $ESET NAME = K2
              184
      $ESET NAME = C1
              185
      $ESET NAME = C2
              186
      $ESET NAME = LINE1
                1          2          3          4          5          6          7          8          9         10         11         12         13         14
               15         16         17         18         19         20         21         22         23         24         25         26         27         28
               29         30         31         32         33         34         35         36         37         38         39         40         41         42
               43         44         45         46         47         48         49         50         51         52         53         54         55         56
               57         58         59         60         61         62         63         64         65         66         67         68         69         70
               71         72         73         74         75         76         77         78         79         80         81
      $ESET NAME = LINE2
               82         83         84         85         86         87         88         89         90         91         92         93         94         95
               96         97         98         99        100        101        102        103        104        105        106        107        108        109
              110        111        112        113        114        115        116        117        118        119        120        121        122        123
              124        125        126        127        128        129        130        131        132        133        134        135        136        137
              138        139        140        141        142        143        144        145        146        147        148        149        150        151
              152        153        154        155        156        157        158        159        160        161        162        163        164        165
              166        167        168        169        170        171        172        173        174        175        176        177        178        179
              180        181
      $ESET NAME = SHAFT
                1          2          3          4          5          6          7          8          9         10         11         12         13         14
               15         16         17         18         19         20         21         22         23         24         25         26         27         28
               29         30         31         32         33         34         35         36         37         38         39         40         41         42
               43         44         45         46         47         48         49         50         51         52         53         54         55         56
               57         58         59         60         61         62         63         64         65         66         67         68         69         70
               71         72         73         74         75         76         77         78         79         80         81         82         83         84
               85         86         87         88         89         90         91         92         93         94         95         96         97         98
               99        100        101        102        103        104        105        106        107        108        109        110        111        112
              113        114        115        116        117        118        119        120        121        122        123        124        125        126
              127        128        129        130        131        132        133        134        135        136        137        138        139        140
              141        142        143        144        145        146        147        148        149        150        151        152        153        154
              155        156        157        158        159        160        161        162        163        164        165        166        167        168
              169        170        171        172        173        174        175        176        177        178        179        180        181
!
      $COOR
                1  0.000000E+00  0.000000E+00  0.000000E+00
                2  4.070000E+02  0.000000E+00  0.000000E+00
                3  9.080000E+02  0.000000E+00  0.000000E+00
                4  5.024691E+00  0.000000E+00  0.000000E+00
                5  1.004938E+01  0.000000E+00  0.000000E+00
                6  1.507407E+01  0.000000E+00  0.000000E+00
                7  2.009876E+01  0.000000E+00  0.000000E+00
                8  2.512346E+01  0.000000E+00  0.000000E+00
                9  3.014815E+01  0.000000E+00  0.000000E+00
               10  3.517284E+01  0.000000E+00  0.000000E+00
               11  4.019753E+01  0.000000E+00  0.000000E+00
               12  4.522222E+01  0.000000E+00  0.000000E+00
               13  5.024691E+01  0.000000E+00  0.000000E+00
               14  5.527160E+01  0.000000E+00  0.000000E+00
               15  6.029630E+01  0.000000E+00  0.000000E+00
               16  6.532098E+01  0.000000E+00  0.000000E+00
               17  7.034568E+01  0.000000E+00  0.000000E+00
               18  7.537037E+01  0.000000E+00  0.000000E+00
               19  8.039506E+01  0.000000E+00  0.000000E+00
               20  8.541975E+01  0.000000E+00  0.000000E+00
               21  9.044444E+01  0.000000E+00  0.000000E+00
               22  9.546913E+01  0.000000E+00  0.000000E+00
               23  1.004938E+02  0.000000E+00  0.000000E+00
               24  1.055185E+02  0.000000E+00  0.000000E+00
               25  1.105432E+02  0.000000E+00  0.000000E+00
               26  1.155679E+02  0.000000E+00  0.000000E+00
               27  1.205926E+02  0.000000E+00  0.000000E+00
               28  1.256173E+02  0.000000E+00  0.000000E+00
               29  1.306420E+02  0.000000E+00  0.000000E+00
               30  1.356667E+02  0.000000E+00  0.000000E+00
               31  1.406914E+02  0.000000E+00  0.000000E+00
               32  1.457160E+02  0.000000E+00  0.000000E+00
               33  1.507407E+02  0.000000E+00  0.000000E+00
               34  1.557654E+02  0.000000E+00  0.000000E+00
               35  1.607901E+02  0.000000E+00  0.000000E+00
               36  1.658148E+02  0.000000E+00  0.000000E+00
               37  1.708395E+02  0.000000E+00  0.000000E+00
               38  1.758642E+02  0.000000E+00  0.000000E+00
               39  1.808889E+02  0.000000E+00  0.000000E+00
               40  1.859136E+02  0.000000E+00  0.000000E+00
               41  1.909383E+02  0.000000E+00  0.000000E+00
               42  1.959630E+02  0.000000E+00  0.000000E+00
               43  2.009876E+02  0.000000E+00  0.000000E+00
               44  2.060123E+02  0.000000E+00  0.000000E+00
               45  2.110370E+02  0.000000E+00  0.000000E+00
               46  2.160617E+02  0.000000E+00  0.000000E+00
               47  2.210864E+02  0.000000E+00  0.000000E+00
               48  2.261111E+02  0.000000E+00  0.000000E+00
               49  2.311358E+02  0.000000E+00  0.000000E+00
               50  2.361605E+02  0.000000E+00  0.000000E+00
               51  2.411852E+02  0.000000E+00  0.000000E+00
               52  2.462099E+02  0.000000E+00  0.000000E+00
               53  2.512346E+02  0.000000E+00  0.000000E+00
               54  2.562593E+02  0.000000E+00  0.000000E+00
               55  2.612840E+02  0.000000E+00  0.000000E+00
               56  2.663087E+02  0.000000E+00  0.000000E+00
               57  2.713333E+02  0.000000E+00  0.000000E+00
               58  2.763580E+02  0.000000E+00  0.000000E+00
               59  2.813827E+02  0.000000E+00  0.000000E+00
               60  2.864074E+02  0.000000E+00  0.000000E+00
               61  2.914321E+02  0.000000E+00  0.000000E+00
               62  2.964568E+02  0.000000E+00  0.000000E+00
               63  3.014815E+02  0.000000E+00  0.000000E+00
               64  3.065062E+02  0.000000E+00  0.000000E+00
               65  3.115309E+02  0.000000E+00  0.000000E+00
               66  3.165555E+02  0.000000E+00  0.000000E+00
               67  3.215803E+02  0.000000E+00  0.000000E+00
               68  3.266049E+02  0.000000E+00  0.000000E+00
               69  3.316296E+02  0.000000E+00  0.000000E+00
               70  3.366543E+02  0.000000E+00  0.000000E+00
               71  3.416790E+02  0.000000E+00  0.000000E+00
               72  3.467037E+02  0.000000E+00  0.000000E+00
               73  3.517284E+02  0.000000E+00  0.000000E+00
               74  3.567531E+02  0.000000E+00  0.000000E+00
               75  3.617778E+02  0.000000E+00  0.000000E+00
               76  3.668025E+02  0.000000E+00  0.000000E+00
               77  3.718272E+02  0.000000E+00  0.000000E+00
               78  3.768518E+02  0.000000E+00  0.000000E+00
               79  3.818766E+02  0.000000E+00  0.000000E+00
               80  3.869012E+02  0.000000E+00  0.000000E+00
               81  3.919259E+02  0.000000E+00  0.000000E+00
               82  3.969506E+02  0.000000E+00  0.000000E+00
               83  4.019753E+02  0.000000E+00  0.000000E+00
               84  4.120100E+02  0.000000E+00  0.000000E+00
               85  4.170200E+02  0.000000E+00  0.000000E+00
               86  4.220300E+02  0.000000E+00  0.000000E+00
               87  4.270400E+02  0.000000E+00  0.000000E+00
               88  4.320500E+02  0.000000E+00  0.000000E+00
               89  4.370600E+02  0.000000E+00  0.000000E+00
               90  4.420700E+02  0.000000E+00  0.000000E+00
               91  4.470800E+02  0.000000E+00  0.000000E+00
               92  4.520900E+02  0.000000E+00  0.000000E+00
               93  4.571000E+02  0.000000E+00  0.000000E+00
               94  4.621100E+02  0.000000E+00  0.000000E+00
               95  4.671200E+02  0.000000E+00  0.000000E+00
               96  4.721300E+02  0.000000E+00  0.000000E+00
               97  4.771400E+02  0.000000E+00  0.000000E+00
               98  4.821500E+02  0.000000E+00  0.000000E+00
               99  4.871600E+02  0.000000E+00  0.000000E+00
              100  4.921700E+02  0.000000E+00  0.000000E+00
              101  4.971800E+02  0.000000E+00  0.000000E+00
              102  5.021900E+02  0.000000E+00  0.000000E+00
              103  5.072000E+02  0.000000E+00  0.000000E+00
              104  5.122100E+02  0.000000E+00  0.000000E+00
              105  5.172200E+02  0.000000E+00  0.000000E+00
              106  5.222300E+02  0.000000E+00  0.000000E+00
              107  5.272400E+02  0.000000E+00  0.000000E+00
              108  5.322500E+02  0.000000E+00  0.000000E+00
              109  5.372599E+02  0.000000E+00  0.000000E+00
              110  5.422700E+02  0.000000E+00  0.000000E+00
              111  5.472800E+02  0.000000E+00  0.000000E+00
              112  5.522900E+02  0.000000E+00  0.000000E+00
              113  5.573000E+02  0.000000E+00  0.000000E+00
              114  5.623100E+02  0.000000E+00  0.000000E+00
              115  5.673200E+02  0.000000E+00  0.000000E+00
              116  5.723300E+02  0.000000E+00  0.000000E+00
              117  5.773400E+02  0.000000E+00  0.000000E+00
              118  5.823500E+02  0.000000E+00  0.000000E+00
              119  5.873600E+02  0.000000E+00  0.000000E+00
              120  5.923700E+02  0.000000E+00  0.000000E+00
              121  5.973799E+02  0.000000E+00  0.000000E+00
              122  6.023900E+02  0.000000E+00  0.000000E+00
              123  6.074000E+02  0.000000E+00  0.000000E+00
              124  6.124100E+02  0.000000E+00  0.000000E+00
              125  6.174200E+02  0.000000E+00  0.000000E+00
              126  6.224300E+02  0.000000E+00  0.000000E+00
              127  6.274400E+02  0.000000E+00  0.000000E+00
              128  6.324500E+02  0.000000E+00  0.000000E+00
              129  6.374600E+02  0.000000E+00  0.000000E+00
              130  6.424700E+02  0.000000E+00  0.000000E+00
              131  6.474800E+02  0.000000E+00  0.000000E+00
              132  6.524900E+02  0.000000E+00  0.000000E+00
              133  6.574999E+02  0.000000E+00  0.000000E+00
              134  6.625100E+02  0.000000E+00  0.000000E+00
              135  6.675200E+02  0.000000E+00  0.000000E+00
              136  6.725300E+02  0.000000E+00  0.000000E+00
              137  6.775400E+02  0.000000E+00  0.000000E+00
              138  6.825500E+02  0.000000E+00  0.000000E+00
              139  6.875600E+02  0.000000E+00  0.000000E+00
              140  6.925700E+02  0.000000E+00  0.000000E+00
              141  6.975800E+02  0.000000E+00  0.000000E+00
              142  7.025900E+02  0.000000E+00  0.000000E+00
              143  7.076000E+02  0.000000E+00  0.000000E+00
              144  7.126100E+02  0.000000E+00  0.000000E+00
              145  7.176200E+02  0.000000E+00  0.000000E+00
              146  7.226300E+02  0.000000E+00  0.000000E+00
              147  7.276400E+02  0.000000E+00  0.000000E+00
              148  7.326500E+02  0.000000E+00  0.000000E+00
              149  7.376600E+02  0.000000E+00  0.000000E+00
              150  7.426700E+02  0.000000E+00  0.000000E+00
              151  7.476800E+02  0.000000E+00  0.000000E+00
              152  7.526900E+02  0.000000E+00  0.000000E+00
              153  7.577000E+02  0.000000E+00  0.000000E+00
              154  7.627100E+02  0.000000E+00  0.000000E+00
              155  7.677200E+02  0.000000E+00  0.000000E+00
              156  7.727300E+02  0.000000E+00  0.000000E+00
              157  7.777400E+02  0.000000E+00  0.000000E+00
              158  7.827500E+02  0.000000E+00  0.000000E+00
              159  7.877600E+02  0.000000E+00  0.000000E+00
              160  7.927700E+02  0.000000E+00  0.000000E+00
              161  7.977800E+02  0.000000E+00  0.000000E+00
              162  8.027900E+02  0.000000E+00  0.000000E+00
              163  8.078000E+02  0.000000E+00  0.000000E+00
              164  8.128100E+02  0.000000E+00  0.000000E+00
              165  8.178199E+02  0.000000E+00  0.000000E+00
              166  8.228300E+02  0.000000E+00  0.000000E+00
              167  8.278400E+02  0.000000E+00  0.000000E+00
              168  8.328500E+02  0.000000E+00  0.000000E+00
              169  8.378600E+02  0.000000E+00  0.000000E+00
              170  8.428700E+02  0.000000E+00  0.000000E+00
              171  8.478800E+02  0.000000E+00  0.000000E+00
              172  8.528900E+02  0.000000E+00  0.000000E+00
              173  8.579000E+02  0.000000E+00  0.000000E+00
              174  8.629100E+02  0.000000E+00  0.000000E+00
              175  8.679200E+02  0.000000E+00  0.000000E+00
              176  8.729300E+02  0.000000E+00  0.000000E+00
              177  8.779399E+02  0.000000E+00  0.000000E+00
              178  8.829500E+02  0.000000E+00  0.000000E+00
              179  8.879600E+02  0.000000E+00  0.000000E+00
              180  8.929700E+02  0.000000E+00  0.000000E+00
              181  8.979800E+02  0.000000E+00  0.000000E+00
              182  9.029900E+02  0.000000E+00  0.000000E+00
              183  0.000000E+00  0.000000E+00  0.000000E+00
              184  9.080000E+02  0.000000E+00  0.000000E+00
!
      $PART  NAME = LINE1
       LINE1
      $PART  NAME = LINE2
       LINE2
      $PART  NAME = DISK
       DISK
      $PART  NAME = K1
       K1
      $PART  NAME = K2
       K2
      $PART  NAME = C1
       C1
      $PART  NAME = C2
       C2
! 
      $ESET NAME = ROTOR
         DISK
         SHAFT
!
   $END STRUCTURE
!------
   $SYSTEM  NAME = S_STEP_1
!
      $GEODAT BEAM      CONT = SECTTYPE SECTDIM
       GD_SHAFT              4
         &        :  2.062000E+01

      $GEODAT SPRING CONT = STIFF
         GD_K1 0.0 1.E+05 1.E+05 0.0 1.5687E6 1.2686E6
         GD_K2 0.0 1.E+05 1.E+05 0.0 1.5687E6 1.2686E6
!
      $GEODAT DAMPER CONT = DAMP
         GD_C1  0.0 0.2 0.2 0.0 0.89E+03  0.89E+03
         GD_C2  0.0 0.2 0.2 0.0 0.89E+03  0.89E+03

      $GEODAT MASS      CONT = CYLINDER
       GD_DISK       7.800000E-09  2.062000E+01  1.441200E+02  4.014000E+01
!
      $ELPROP
       DISK          GEODAT = GD_DISK
       SHAFT         GEODAT = GD_SHAFT      MATERIAL = MAT_SHAFT
       K1            GEODAT = GD_K1
       K2            GEODAT = GD_K2
       C1            GEODAT = GD_C1
       C2            GEODAT = GD_C2
!
   $END SYSTEM
!------
   $SYSTEM NAME = S_STEP_2

       $INSERT VARIANT
          S_STEP_1

       $ELSTATE LOAD
          SITUATION = STEP_1  LPAT = 1

       $ADDMATRIX
          GEOSTIFF
          CONVSTIFF
          GYRO

   $END SYSTEM
!------
   $CONSTRAINTS  NAME = C_STEP_1
!
      $SUPPRESS  DOFS = 1,2,3,4,5,6  DOFTYPE = DISP
       GROUND
!
      $SUPPRESS DOFS = 1,4
       SHAFT
!
   $END CONSTRAINTS
!------
   $LOADING  NAME = L_STEP_1
!
       $INERTIA ROTATION LPAT = 1
          ROTOR  0.0 0.0 0.0   10.0 0.0 0.0  1.0
!
   $END LOADING
!------
   $RESULTS NAME = R_STEP_3

       $ROTSPEED PRIMARY = EQUI XTYPE = RPM
          0.0  9000.0 10.0

   $END RESULTS
!------
$EXIT COMPONENT
!------------------------------------
$ENTER MATERIAL
!------
   $MATERIAL  NAME = MAT_SHAFT  TYPE = ISO
!
      $ELASTIC  GENERAL  INPUT = DATA
        2.000000E+05  0.000000E+00
!
      $DENSITY  GENERAL  INPUT = DATA
        7.800000E-09
!
   $END MATERIAL
!------
$EXIT MATERIAL
!------------------------------------
$FIN
